/**:
  ros__parameters:
    camera:
      model: Pinhole
      width: 1920
      height: 1080
      scale: 1.0
      fx: 1063.32
      fy: 1063.34
      cx: 980.66
      cy: 580.628
      d0: -0.0712496
      d1: 0.0551279
      d2: -0.0227127
      d3: 0.000467508
