/**:
  ros__parameters:
    camera:
      model: Pinhole
      width: 1280
      height: 720
      scale: 0.5
      fx: 531.535
      fy: 531.43
      cx: 630.0 # 650.0
      cy: 355.4465 # 364.5535
      d0: -0.0596335
      d1: 0.0344855
      d2: 0.000147432
      d3: 3.35602e-05
