/**:
  ros__parameters:
    camera:
      model: Pinhole
      width: 2208
      height: 1242
      scale: 0.10
      fx: 1063.07
      fy: 1062.86
      cx: 1081.00
      cy: 608.893
      d0: -0.0596335
      d1: 0.0344855
      d2: 0.000147432
      d3: 3.35602e-05
